param n := 30;

set E :=
    (1,2)
    (1,3)
    (1,4)
    (1,6)
    (1,13)
    (1,27)
    (1,28)
    (2,5)
    (2,7)
    (2,10)
    (2,18)
    (2,21)
    (2,29)
    (3,5)
    (3,8)
    (3,11)
    (3,14)
    (3,15)
    (3,21)
    (3,23)
    (3,25)
    (3,29)
    (3,30)
    (4,5)
    (4,6)
    (4,11)
    (4,13)
    (4,14)
    (4,21)
    (4,30)
    (5,6)
    (5,10)
    (5,11)
    (5,12)
    (5,13)
    (5,14)
    (5,16)
    (5,21)
    (5,26)
    (5,27)
    (5,30)
    (6,14)
    (6,18)
    (6,20)
    (6,21)
    (6,22)
    (6,23)
    (6,25)
    (6,29)
    (7,16)
    (7,19)
    (7,21)
    (7,25)
    (8,11)
    (8,14)
    (8,18)
    (8,21)
    (8,27)
    (8,28)
    (8,30)
    (9,10)
    (9,11)
    (9,17)
    (9,24)
    (9,27)
    (9,30)
    (10,11)
    (10,15)
    (10,18)
    (10,22)
    (10,29)
    (11,17)
    (11,19)
    (11,21)
    (11,25)
    (12,21)
    (12,22)
    (12,25)
    (12,26)
    (13,15)
    (13,18)
    (13,20)
    (13,22)
    (13,24)
    (13,29)
    (14,15)
    (14,22)
    (14,24)
    (14,29)
    (14,30)
    (15,20)
    (15,22)
    (15,23)
    (15,27)
    (16,19)
    (16,20)
    (16,21)
    (16,23)
    (16,28)
    (16,30)
    (17,19)
    (17,21)
    (17,25)
    (17,27)
    (18,21)
    (18,22)
    (18,30)
    (19,21)
    (19,25)
    (20,23)
    (20,28)
    (20,30)
    (21,22)
    (21,27)
    (21,29)
    (21,30)
    (22,26)
    (22,28)
    (23,24)
    (23,26)
    (24,28)
    (25,26)
    (25,29)
    (27,28)
    (28,30)
;
